2844: 4835647 4290744
2845: 4844895 4290744
390391: 1234299 1282763 1305344 1391787 1603276 1619085 1726654 1741723 2253222 2401294 2552538 2635765 2875716 3088028 4063416 4427772 4477830 4486567 4779893 4936422 5185474 5369478 4290744
390393: 4080724 4290744
390438: 390346 4290744
479646: 479605 479606 3328125 3386167 4842085 5166549 5173574 5300058 4290744
479936: 479644 4290744
505164: 1346975 4290744
510457: 513253 4290744
510458: 513255 4290744
513255: 483512 991358 1424909 1447152 1489676 1489756 2408781 2902106 3479948 3823580 3885005 4011973 4103282 4174042 4799289 5167561 5302153 5491829 5492723 4290744
553031: 553002 4290744
675578: 675579 4290744
733122: 918582 918609 1016474 1982327 1984079 2294371 3299769 3525910 3951309 4122060 4211513 4290744
733259: 733260 4290744
747305: 1434820 4290744
903811: 5528420 4290744
915805: 915804 3988566 4290744
986797: 845692 1043456 1353397 4114806 4114937 4757562 4290744
987263: 1161729 1309206 1477741 1608533 1776712 1923688 4695923 4706428 4844497 4844698 5156123 4290744
1194617: 235759 410795 410796 410797 410802 410804 410805 410806 410810 410812 410813 410826 410827 410829 410830 410831 410834 410836 410838 410841 410843 410848 410850 410852 410865 410866 410867 410869 410872 410875 410880 410881 410882 410883 410884 410892 410896 410898 410901 410902 410905 410910 410913 410917 410927 410928 410949 597276 615851 672081 842186 1152813 1222584 1299920 1299993 1300022 1416895 1623771 1685862 1742339 1835468 2111690 2242727 2319772 2453561 2454513 2454524 2470805 2470830 2470835 2470848 2506791 2863774 3037828 3068739 3092116 3205798 3412725 3757116 3810539 3988012 4069589 4104564 4133567 4207235 4339463 4474781 4659418 4659523 4697216 4913649 5492723 5532151 5610453 5610465 5614548 4290744
1194633: 1194618 4290744
1194651: 1194618 4290744
1194675: 1194618 4290744
1225078: 1225144 4290744
1225101: 1225102 4290744
1225151: 1225102 4290744
1242251: 4299952 4290744
1399669: 1399670 4290744
1471531: 32462 35514 35749 35964 36911 37580 37664 39071 48255 263626 288025 293995 296794 316407 330270 368499 407930 499037 499236 504424 505135 653555 679830 767190 806826 806924 880698 958326 994798 1088444 1310629 1331630 1412581 1428552 1442528 1471532 1475221 1727699 1786040 1828025 1837517 1843048 1899023 1929996 1931325 1972983 2144182 2147122 2159971 2160364 2195269 2231565 2252051 2263057 2263061 2338597 2401294 2442234 2483359 2496868 2520510 2520517 2540152 2568114 2568165 2577408 2582245 2582348 2595798 2599045 2613324 2617703 2640602 2650098 2707217 2730899 2767147 2772396 2861310 2904754 2920844 2984919 3088122 3184449 3234740 3244250 3256947 3257348 3269973 3341605 3342774 3344511 3346029 3346390 3365221 3375332 3487997 3502951 3612117 3660277 3739554 3850181 3878988 3913501 3925895 3960153 4026367 4088583 4158713 4238017 4248965 4330766 4332727 4356991 4357436 4433996 4452263 4534139 4569886 4569904 4628169 4689318 4780718 4782606 4786442 4794828 4843053 4844882 4859497 4859513 4859542 4859557 4859565 4859569 4859573 4859575 4859577 4859582 4859587 4859589 4859594 4859599 4859601 4859611 4859620 4859622 4859624 4859626 4859627 4859628 4859629 4859630 4859631 4859633 4859691 4859719 4859751 4859762 4859824 4859861 4859908 4859932 4860080 4860093 4860122 4899539 4972058 5129715 5196777 5291235 5302153 5306262 5371425 5415220 5415256 5455838 5462432 5465334 5466037 5548788 5559178 5596267 5629115 5636553 5680971 4290744
1508915: 5061050 4290744
1546382: 1750633 4290744
1546637: 1546638 4290744
1569263: 836304 1241625 1569204 2408900 3192788 3400295 5409559 4290744
1791878: 3421994 4290744
1990854: 4582145 4290744
1990855: 1990856 4290744
2031357: 233984 234806 234807 234810 380090 422312 457205 687618 923724 993016 1057089 1920018 2563261 2962522 3547565 4159799 4702331 4707147 4707620 4709052 5564468 5566912 4290744
2060025: 3204070 4290744
2160523: 4823759 4290744
2239108: 81615 84707 88822 222689 248621 418367 499026 505135 828442 1245730 1311256 1365827 1808222 1921913 2034711 2261170 2261704 2307488 2430233 2431234 2496868 2497500 2497850 2638846 2640795 3283555 3283978 3329545 3374612 3520458 3555742 3559647 3675836 3712809 3712815 4645316 4719659 4771645 4818078 4844765 4844766 4934736 5115901 5231053 5302153 5307753 5477621 5491017 5596263 4290744
2286586: 54267 560783 2286570 2689711 2872259 3173751 3825531 4219722 4609739 5327654 4290744
2376616: 2376684 4290744
2376685: 2376684 4290744
2399467: 380090 420080 1165514 1299920 3192671 3564267 3772115 4486680 5681836 4290744
2399623: 58730 499241 548106 1172907 1192555 1556061 1633707 1684879 2260253 3618031 3700189 3772187 4445780 4510477 5251183 5300727 5371099 5477568 4290744
2399624: 733167 3772115 4713306 4844882 4290744
2399625: 436376 505135 630330 774931 880698 896161 900272 1162652 1186460 1192555 1406157 1506792 1556061 1601519 1652889 1770603 1804986 1839004 1939254 1953732 1990860 2159971 2431653 2437900 2497500 2640698 2784007 2894293 3175770 3254493 3286710 3335081 3447019 3565504 3598075 3603035 3607033 3663394 3674975 3769317 3916208 4023070 4361090 4681238 4682964 4696900 4829805 4844464 4844882 4844886 4954785 5049089 5300058 5302153 5404118 4290744
2763315: 84707 88822 217476 228846 242843 249060 286366 288975 357618 421665 454899 472437 499275 499294 557442 558932 562922 590161 614559 641914 648783 650417 650566 761635 761788 763039 778927 794156 830855 880698 915063 915072 921148 1004867 1031569 1033539 1037250 1094306 1170661 1194044 1248167 1267112 1331460 1341395 1371804 1423165 1453422 1485319 1512726 1512789 1564186 1601519 1650573 1734598 1738575 1776840 1777536 1784872 1957437 2006686 2030926 2040703 2063867 2129950 2129953 2185159 2214391 2306146 2370447 2373226 2376213 2376645 2380188 2470493 2496007 2496701 2496868 2497500 2500316 2609881 2614793 2671667 2731681 2734067 2746937 2763337 2763339 2763367 2763369 2763376 2763380 2763381 2763385 2763399 2763401 2763451 2784007 2840296 2845145 2885033 2910552 2941755 2943725 2954036 3008142 3107134 3111389 3147921 3179385 3183098 3183390 3191531 3199421 3200065 3357027 3440872 3467264 3555195 3567827 3662072 3694618 3710751 3825531 3842008 3845203 3848491 3888199 3923384 4006499 4033581 4157789 4174611 4180931 4189529 4210814 4217063 4258280 4294124 4294125 4297932 4314644 4401889 4490320 4553573 4574093 4600114 4632170 4702918 4709011 4713696 4713697 4720049 4815479 4818473 4903593 4952848 4953339 4957271 4958677 5011132 5024324 5085446 5211110 5211518 5336064 5371022 5390315 5470279 5477621 5491017 5494885 5535280 5568172 5570858 5587073 5601000 4290744
2763398: 4650367 4290744
2763450: 2763451 4290744
2763451: 88822 226250 376745 469394 723887 733260 733479 761635 870333 947702 1113672 1133255 1424043 1464418 1485319 1585884 1602851 1777536 1874728 1933547 2019172 2159971 2182440 2342214 2521994 2708257 2731681 2763315 2763369 2763374 2763375 2763378 2763385 2763386 2763389 2763401 2763452 2770825 2821889 2838723 2845808 2892783 3076811 3147921 3152545 3191531 3202789 3276502 3411720 3655725 3663394 3845203 3845253 3915287 3915466 3923384 4018450 4033581 4037441 4223695 4258280 4300003 4322936 4432932 4530288 4632170 4650163 4650367 4744905 4844790 4844795 4896616 5120451 5220798 5387900 5457446 5457448 5482694 5515270 5535280 5570857 5595551 4290744
2852679: 2850378 4290744
2860421: 2862134 4290744
2955105: 2954984 4290744
2999417: 59375 283704 298717 418607 505135 896161 1088142 1098635 1352643 1442782 1525629 1601519 1826725 1899484 2020957 2022075 2267127 2462362 2543305 2551288 2552030 2574622 2583541 2584613 2587995 2718287 3009180 3234590 3235368 3274515 3627892 3671032 3913052 3921052 4178519 4217444 4228577 4312881 4490320 4559311 4649108 4649147 4649148 4649149 4649150 4649151 4649152 4649153 4649154 4649155 4649156 4649157 4649158 4649159 4649160 4649162 4649163 4781449 4786117 4950202 5135489 5137093 5459095 5464357 5475201 5564044 5595105 5595386 5595772 5595773 5595774 5595775 5595776 5595777 5595778 5595779 5595780 5595781 5595782 5595783 5595784 5595785 5595786 5595787 5595788 5595789 5595790 5595791 5595792 5595793 5595794 5595795 5595796 5595797 5595798 5595799 5595800 5595801 5595802 5595803 5595804 5595805 5595806 5595807 5595808 5595809 5595810 5595811 5595812 5595813 5595814 5595815 5595816 4290744
2999418: 164437 4290744
3022330: 122965 123274 123320 123668 123857 123880 126197 126491 126764 127270 127288 127554 127568 127830 128201 128226 129963 130028 130381 131242 131363 131585 132097 132313 134575 134699 135156 135912 208578 236354 251128 263554 275212 392040 439882 439990 439991 498015 509842 610294 652348 932693 991760 1000273 1096721 1237066 1362358 1821507 1896142 1904264 1948558 1993406 2054208 2143456 2215890 2223472 2232437 2419003 2436967 2752868 2753014 2754053 2754361 2924250 2970917 3025886 3025893 3025899 3025903 3025916 3054548 3054562 3072072 3091351 3095386 3362331 3774323 3838885 3881204 3907535 3970422 4013611 4151337 4173465 4292756 4322154 4345516 4462036 4589854 4920375 5453090 5463580 5467067 4290744
3042812: 42930 45789 49481 58730 264839 371709 470917 505135 505165 660305 675579 681744 700641 720303 728310 730378 733165 806507 806980 837609 860570 1023745 1154451 1184196 1276085 1276312 1302598 1352740 1431674 1471531 1525476 1589863 1827096 1833650 1929501 1950066 2047570 2048183 2069310 2118077 2159971 2160626 2337274 2423128 2459591 2459893 2482784 2507632 2517958 2518297 2530045 2530763 2539026 2554395 2554586 2577080 2584121 2591533 2617648 2624838 2638895 2698642 2710688 2716560 2717298 2718109 2768924 2845808 2886877 2959569 3128877 3152168 3186186 3218101 3232357 3233963 3234102 3234305 3235219 3246811 3276502 3279511 3303483 3340627 3344489 3351963 3367540 3368203 3369994 3525459 3545861 3547669 3621153 3667537 3781371 3882018 3916208 3921996 3942619 3949956 3961881 3983492 4209204 4267061 4281272 4269069 4272159 4280969 4286030 4319785 4553672 4553739 4557098 4557969 4559389 4605006 4630113 4644349 4658259 4688587 4741662 4778945 4779841 4834530 4844464 4844480 4844786 4844882 4844920 4898314 4969616 5022027 5112162 5135076 5135405 5165633 5500260 5561598 5600236 4290744
3042813: 123191 186760 201100 233739 236555 240479 244112 262513 289939 329457 331292 376900 378360 384718 420708 439063 463794 483602 489916 498723 503250 505135 514525 517722 552985 557408 559403 571216 573398 634023 668159 692540 700641 704269 742941 767523 774931 781544 785242 797386 800829 801817 817514 826537 830356 841727 871501 880698 886399 900272 903454 903994 908904 909718 909799 910117 910165 918688 928422 947756 956751 967017 974143 981396 981457 990961 1024976 1026508 1031569 1095162 1099351 1108694 1108702 1108722 1108917 1114793 1117643 1120970 1161819 1176870 1177923 1178454 1186460 1188169 1192555 1199260 1199442 1199498 1209665 1214243 1221682 1221695 1226112 1238362 1239307 1251635 1279588 1317489 1334078 1339758 1390914 1419355 1423974 1424043 1431944 1434677 1440850 1478593 1507669 1508916 1514131 1514249 1520224 1556061 1580512 1596564 1620957 1633227 1633841 1650573 1663067 1719254 1730029 1731506 1739251 1745206 1748551 1756327 1769576 1770603 1792492 1804986 1825117 1837249 1843071 1857051 1883381 1884801 1887122 1970829 1989308 1991168 1997203 2045995 2065538 2109629 2116270 2117550 2118077 2118764 2119613 2126633 2127633 2127902 2159971 2160080 2204586 2222548 2225383 2263056 2264634 2272441 2299996 2313043 2313409 2339385 2353242 2353280 2360824 2376213 2385432 2426344 2491408 2507632 2521004 2672939 2673836 2674099 2674163 2674173 2674915 2677472 2677623 2683887 2685376 2688210 2706091 2707220 2715156 2754718 2755546 2760390 2767069 2801728 2815702 2828809 2832739 2834059 2838553 2844138 2844635 2844640 2844976 2845064 2850349 2852680 2858211 2865621 2910016 2944549 2949862 3061796 3061827 3062046 3076373 3088035 3128416 3152168 3155951 3175049 3179248 3179374 3186191 3193626 3197470 3199808 3208101 3216787 3239224 3239408 3265228 3268628 3276502 3279511 3317331 3382495 3408096 3408352 3421066 3423163 3452734 3460046 3477847 3479137 3482112 3482773 3526371 3542602 3570498 3585865 3601541 3601591 3607033 3610438 3612117 3612447 3617702 3618031 3631101 3655775 3655778 3663394 3664278 3664280 3664455 3665881 3666697 3667944 3669036 3670422 3676530 3681121 3703118 3710275 3710278 3711019 3711023 3711030 3711865 3717364 3729106 3764858 3773297 3785380 3786426 3789467 3794692 3818761 3823184 3831528 3831530 3833133 3835749 3895340 3898391 3912979 3916208 3943260 3949430 3953685 3961764 3985307 3993737 3995513 4000056 4017377 4018078 4018489 4019052 4021385 4021413 4022770 4090339 4091851 4092146 4096681 4097184 4101039 4106388 4117837 4120391 4151348 4154793 4221743 4233178 4245760 4254853 4257293 4288598 4289934 4290817 4294100 4320776 4320853 4420918 4423948 4424495 4428598 4437323 4437326 4437651 4440246 4441576 4445740 4446964 4447402 4451663 4452263 4458741 4462036 4469769 4493040 4501431 4505534 4517268 4525502 4526972 4541794 4557171 4561689 4577276 4587786 4588607 4614621 4647924 4682286 4683542 4684977 4686134 4686435 4687041 4687620 4691305 4691702 4698019 4735087 4736377 4748137 4769691 4774279 4802085 4819983 4835142 4835413 4835428 4844848 4844882 4844920 4854779 4863315 4873626 4874037 4877690 4894872 4895169 4895337 4906560 4906613 4914809 4918757 4922271 4926649 4931913 4941780 4948952 4960941 4978311 5035449 5058683 5061532 5104442 5107899 5121047 5122745 5130603 5149799 5154315 5155045 5182527 5188291 5217656 5228927 5252582 5277700 5330008 5360316 5386039 5404259 5420787 5455838 5455896 5456028 5459095 5467632 5468018 5483424 5509918 5514245 5514581 5516057 5538452 5568606 5569112 5570921 5583941 5590204 5593334 5601089 5612154 5663324 5701151 4290744
3078099: 84707 562922 670269 689095 903748 917291 1156393 1222483 1734598 2293691 2293693 2293696 2342214 2708257 2739982 2740189 2740200 3078100 3078103 3206035 3423959 3682064 3755010 3890148 3989106 4008327 4113115 4300004 4580392 4627883 4627910 4844882 4909612 5173574 5186382 5187460 5294962 5369578 5483068 5519150 4290744
3181592: 3181678 4290744
3331444: 3333482 4290744
3332172: 3142083 4290744
3333515: 3163929 4290744
3558158: 2623621 3555873 5302153 4290744
3586977: 3521800 4290744
3588176: 3586860 4290744
3655772: 46477 505135 1177882 1177883 2217423 4008972 4120391 4482375 4770536 4290744
3696957: 3696939 4290744
3847836: 3847588 4290744
3969724: 571216 4290744
4009602: 858859 4290744
4068152: 1952356 2210625 2671952 3180058 3181515 3517795 4359772 4830594 5652351 4290744
4262630: 4262130 4290744
4290744: 593589 744581 744592 1013640 1921890 2224307 2344556 2344609 4090044 4482375 5302153 5420348 5600236 5658888 4290744
4389247: 84707 367141 642993 1331666 1593933 1608179 1919196 2377977 2401004 3054907 3450536 3750545 4063605 4351989 4353393 4625227 5492723 4290744
4447036: 4214501 4447035 4633560 5193811 4290744
4452412: 1781824 4452263 4652484 5254132 5302153 4290744
4512077: 3811418 4290744
4582789: 4582788 4290744
4582861: 4582788 4290744
4582862: 4582863 4582865 4290744
4582863: 511722 1103679 1153152 1244395 3812794 3863282 3915032 4290744
4582864: 4582862 4290744
4591301: 4591300 4290744
4591333: 4034396 4290744
4591334: 1990856 4290744
4628169: 39752 231816 356761 356867 615520 616651 677573 737680 747386 761496 906024 913466 970437 1114471 1224900 1268937 1288240 1332380 1603276 1739198 1742605 1744061 1786846 1959592 2076030 2103645 2227601 2244903 2293092 2462518 2708257 2711568 2716811 2756232 2899404 3253524 3262598 3675899 3694889 3730826 3775846 4012539 4073444 4115561 4314644 4321854 4340239 4401910 4628178 4775355 4784696 4784957 4844790 4844882 4857526 5111587 5139953 5148959 5567834 5589985 5642340 4290744
4629555: 4650405 4290744
4633369: 50921 51374 51822 63375 64233 66877 72989 380933 533719 717381 747560 1331636 1374720 1387179 2311354 2639173 2640639 2640814 3211523 3712838 4033157 4486580 4529915 4556104 4837626 4290744
4710112: 81615 190105 203729 248809 250175 969142 1331674 1716109 1781618 1915423 1921890 2172386 2179894 2396232 2396906 3065677 3331185 3401067 4020234 4348580 4729863 4730006 5302153 5535018 4290744
4712031: 84707 499315 544400 856095 1095116 1147874 1153182 1187884 1603276 1607743 1847157 2294650 2381148 2955255 3498305 4063333 4197500 4503622 4536024 5113215 5492723 5535351 5596501 5610108 4290744
4712032: 2060026 5426523 5535280 5535664 5570884 4290744
4746844: 4746843 4290744
4746944: 4746945 4290744
4812096: 505135 3158431 3607033 3818719 4459043 4582002 4634166 5416608 4290744
4820065: 4371409 4290744
4820128: 5502316 4290744
4836091: 1037351 4290744
4839263: 81615 161384 163843 567955 568556 1781274 1800380 1871485 2106324 2764413 3449396 3550313 3602776 3607033 3825199 4141381 4530288 4736909 4839264 4914832 5514102 4290744
4844881: 4844864 4290744
4844882: 84707 164437 398519 462014 557408 561003 571216 572040 597207 634023 675579 725614 733167 733260 774931 827627 880698 910165 917291 1139838 1180961 1186460 1222500 1384783 1462354 1471531 1522782 1555313 1614925 1732954 1867186 1923688 1989308 2159971 2160499 2160505 2239109 2415295 2430218 2477143 2521004 2521994 2533171 2708257 2763451 2768925 2844906 2852680 3042812 3042813 3042814 3078100 3104149 3186191 3226710 3356379 3520458 3638960 3663394 3676678 3690727 3703118 3710692 3710711 3820940 3835664 3944387 3998329 4007202 4040114 4120391 4171763 4189529 4198072 4262631 4376642 4398233 4444728 4456513 4457405 4500319 4530182 4557098 4557171 4581804 4608510 4640622 4647924 4681238 4746945 4793378 4844460 4844464 4844469 4844476 4844481 4844490 4844494 4844495 4844761 4844790 4844795 4844847 4844883 4858880 4861926 4926649 5103327 5130517 5161087 5166761 5190098 5195466 5423606 5457184 5485896 5515270 5535280 5535567 5535664 5570884 5588462 5596691 5597333 4290744
4844883: 733260 987264 1225102 2763451 4844863 4844882 5535664 5570884 5596501 4290744
4844884: 2706 79583 81452 88822 330009 381791 418346 452168 721313 763235 986207 1032534 1124403 1216379 1217474 1232343 1401556 1426669 1506867 1506868 1567245 1567246 1567248 1669300 1669301 1700590 1703827 1757567 1757568 1775771 1965067 2070246 2071335 2170445 2170446 2201756 2211777 2363813 2363954 2366976 2385548 2406709 2428507 2428508 2923771 2942721 3056753 3166632 3167486 3192088 3319893 3367484 3367485 3367487 3367488 3403617 3440287 3491439 3491921 3492254 3493226 3742240 3955152 3981665 4022872 4107804 4189168 4189215 4238141 4422580 4527995 4548912 4561623 4572510 4611853 4671409 4706495 4899952 4920813 4950551 4967012 4970355 4971489 4982043 4982103 4991410 5010463 5020728 5020813 5028093 5031864 5040139 5044280 5045581 5046127 5051589 5059976 5061762 5098461 5126542 5126687 5182301 5186152 5205485 5205488 5205491 5205493 5205495 5205496 5403952 5424836 5559966 5585878 5611407 5696490 4290744
4844885: 4844864 4290744
4844886: 2399625 2622898 3165766 3558159 3656696 4053099 5359534 4290744
4844887: 4844895 4290744
4844888: 3961881 4290744
4844889: 4844899 4290744
4844890: 4844873 4290744
4844891: 4844901 4290744
4844892: 4844901 4290744
4844893: 4844464 4290744
4844894: 77935 1026508 2327932 2947172 3506607 3916208 3994828 4658259 4844844 5597333 4290744
4844895: 3804 61676 100204 102988 121044 156399 203443 313376 353473 353474 353475 353476 353477 353524 412102 461789 461791 630330 768055 768060 842224 955021 1046451 1048167 1090368 1136647 1385249 1433100 1463117 1565872 1668360 1869841 1969535 2042739 2129990 2496674 2625075 2625077 2625079 2625080 3492254 3743329 3817691 3973207 4006679 4107169 4125675 4126796 4189168 4189215 4215979 4238958 4298709 4298711 4519108 4519112 4621815 4645550 4673847 4813259 4869131 4887944 4928884 4928960 5045820 5053652 5302153 5310407 5338585 5372113 5474252 5486565 5569324 5618342 5681072 4290744
4844896: 11547 77935 246695 248476 313376 482553 1019248 1294660 1566055 1660330 1670218 1804986 2510691 2716604 2874933 3318060 3439739 3492254 3493611 3624047 3712678 3745287 3990989 4043761 4145480 4189168 4189215 4233457 4545559 4904166 5056710 5302153 5403952 4290744
4844897: 4844896 4290744
4844898: 1745206 4290744
4844899: 817000 1831325 2225945 3681859 4650163 4290744
4844900: 2512717 4290744
4854779: 4854780 4290744
4898715: 567169 2372192 4476189 4898706 4898714 4899296 4899761 4933504 5560347 4290744
5058682: 5058666 4290744
5102633: 494595 524768 761665 1564682 1564754 1566358 1736173 2120335 2302294 2410641 3169324 3169349 3430731 3766334 4094703 4094708 4147495 4577317 4696336 4696357 5102634 5483066 5535664 4290744
5161086: 181909 5161087 4290744
5168347: 5516141 4290744
5168536: 5168537 4290744
5168741: 5168537 4290744
5190097: 266025 283704 1098635 1352643 1390772 1442782 2020957 2543305 2552029 2574622 2583541 2587971 2590305 2718287 3234590 3235352 3263920 3274515 3872203 3876752 3913052 3921052 4178519 4312881 4559311 4649108 4781449 4782075 4786117 4946572 4950202 5242112 5595772 4290744
5205083: 3999118 4290744
5205187: 3074567 5205368 4290744
5205368: 505582 1731890 2271317 2374862 4290744
5233705: 5233687 4290744
5291832: 60101 321204 388625 1287842 1288240 1351346 1351482 1557162 1602443 1654402 1654404 1654405 1803537 2040703 2728820 3419871 4669945 4861926 5141609 4290744
5359533: 5190098 4290744
5426522: 1510741 2776569 3843196 4094930 4140395 4922536 5419283 4290744
5457661: 5457659 4290744
5482899: 3988566 5482898 4290744
5492127: 3750659 4290744
5493034: 5596501 4290744
5568202: 5568488 4290744
5568560: 5570884 4290744
5570883: 5570884 4290744
5570884: 41644 42392 46802 47176 48255 49085 50448 55340 55891 57544 91293 226294 402628 598419 615720 669735 699933 747261 747306 888431 905394 917291 1097906 1133255 1133266 1268937 1613893 1667523 1734598 1742605 1761630 1791879 1841258 1850891 1975638 2055759 2083020 2159971 2162765 2243931 2244908 2263993 2399097 2407887 2507632 2536663 2731681 2763399 2763451 2770826 2860362 2860422 2872406 2899407 2900270 3239618 3262584 3262598 3276502 3502550 3577347 3611695 3739554 3746162 3858754 3915287 3920404 3979163 3989654 4006499 4006527 4008368 4012336 4015675 4094017 4131771 4268198 4401653 4401743 4401744 4401788 4438362 4445095 4627899 4633984 4650163 4712032 4779535 4844602 4844882 4864758 4892258 4977358 5078060 5161087 5255029 5310863 5457448 5482696 5484171 5535280 5535664 5570884 5570887 5577463 4290744
5570885: 5570887 4290744
5570886: 799641 4290744
5595931: 4839284 4290744
5596690: 5595772 4290744
5597332: 4839284 4290744
593589: 75693 79034 80653 81615 82565 83303 84707 128948 147165 147179 219145 248345 289515 305245 330270 336091 336098 336111 338718 340597 345877 362571 364262 365190 370981 435446 436376 436516 464599 475180 477943 478879 505567 508339 533909 539791 557850 558038 561471 565850 590720 593589 593595 593596 593606 593607 593669 593721 593726 593744 593751 594102 595493 614846 614879 614892 680765 699410 715306 726619 755461 774931 785360 792443 795313 802806 811968 840046 878311 891698 893982 894375 897972 899120 903807 920144 929378 935769 964784 1025588 1031569 1035486 1086044 1097454 1108982 1125352 1133393 1143388 1171512 1186255 1215638 1233606 1238440 1244964 1248221 1250921 1274092 1297112 1354125 1365668 1399387 1409593 1417627 1423348 1441395 1446131 1457217 1457277 1459557 1459567 1469139 1503347 1513098 1548744 1551861 1568113 1602125 1649572 1649632 1649648 1650254 1681819 1681820 1681830 1681837 1681838 1681847 1681855 1681856 1681859 1681897 1681921 1681922 1681937 1681939 1681942 1681946 1681948 1681965 1715261 1736463 1736464 1756286 1759162 1768964 1781795 1792450 1798481 1821344 1830086 1835596 1851125 1863762 1880563 1902603 1932454 1949041 1954735 1998649 2040885 2052709 2083439 2125306 2142187 2145429 2215011 2217423 2245487 2265023 2265050 2279235 2300940 2342054 2354640 2373313 2374311 2374892 2376633 2376639 2376641 2376651 2376675 2384683 2393894 2396551 2396552 2399992 2413956 2438023 2469835 2483936 2496674 2497716 2528569 2528741 2550920 2578765 2588407 2604888 2638081 2639801 2671108 2691442 2695215 2717411 2724356 2731960 2740030 2755885 2768741 2772635 2784431 2785322 2785521 2794315 2835547 2839597 2840418 2866766 2869147 2877367 2877473 2887011 2893957 2895568 2939356 2942122 2942124 2942296 2942304 2942306 2942415 2942464 2944460 2944461 2959900 3014769 3025164 3038574 3049054 3049126 3088393 3121626 3155738 3167280 3183698 3191591 3202805 3204752 3265454 3290737 3300156 3324944 3342485 3380916 3410965 3437442 3438125 3459188 3475802 3483307 3512484 3512491 3513580 3513592 3513679 3514352 3519892 3547910 3550046 3550370 3550419 3550422 3550425 3551178 3552527 3554639 3556385 3558852 3562156 3569717 3580657 3587222 3596237 3604126 3604384 3608153 3628590 3636639 3682064 3724700 3739554 3755010 3761675 3773900 3781566 3796431 3798001 3824319 3845463 3873206 3875004 3894315 3910909 3912328 3915289 3917657 3941918 3946036 3953888 3994889 3995102 4005181 4023372 4025227 4033519 4041996 4043431 4043446 4046884 4068010 4092343 4118220 4187268 4255661 4256190 4299971 4299973 4306671 4306839 4324491 4335869 4344224 4344244 4344297 4344312 4344319 4345987 4352361 4370893 4436701 4493898 4516738 4525493 4528896 4531628 4531720 4535685 4568243 4573849 4579880 4582271 4582340 4625160 4634045 4642030 4644760 4658978 4675151 4693429 4697015 4697122 4713306 4713520 4717348 4717492 4717520 4718537 4748334 4787457 4798190 4805760 4805906 4821144 4822046 4836864 4925429 4927197 4927246 4928611 4936083 5074503 5074923 5099521 5144156 5146716 5153689 5153813 5158755 5158757 5176692 5212937 5233559 5242949 5282124 5285796 5299542 5303090 5307712 5308284 5309188 5310172 5314021 5314022 5314294 5315134 5315174 5315658 5317229 5324616 5361185 5362069 5363824 5391561 5414244 5418950 5420348 5443379 5482059 5482511 5497733 5504171 5519186 5566789 5585200 5585356 5585436 5593928 5612883 5619858 5622290 5622851 5623755 5627380 5651841 5681568 5686492 5692107 5699474 4290744
744581: 35514 208032 211118 339845 344664 434174 570236 616349 640034 641487 685695 707280 709513 736972 737008 737047 744428 759581 830414 838500 872220 879146 888293 908008 921588 921607 942041 964099 964110 967659 1062615 1078771 1087963 1095198 1117148 1133278 1199199 1201051 1241375 1501785 1513601 1579924 1603436 1715532 1804986 1820577 1838663 1861651 1893919 1910664 1921890 1948703 2005836 2034578 2235275 2344556 2344591 2344609 2344628 2344655 2384487 2410662 2421181 2519670 2526952 2768574 2783059 2803714 2874649 2907699 2928514 2929429 2949930 2949971 2974115 2975868 3008781 3010715 3030136 3162840 3167506 3240494 3320990 3385651 3450547 3462797 3535509 3615236 3664124 3665842 3749406 3769525 3782304 3799733 3833173 3885355 3906702 3990667 4015913 4015997 4026095 4031749 4032845 4076049 4141642 4203348 4228644 4258345 4582223 4689883 4692399 4720025 4720054 4749754 4855261 4915881 4952974 4952978 5177931 5219334 5219351 5231313 5237340 5278876 5295862 5302153 5302814 5303190 5353562 5477107 5478114 5587412 5605478 5633993 4290744
744592: 744593 4290744
1013640: 33326 77935 79583 81615 84707 88822 301232 312465 340597 379178 382198 461997 478567 499144 499304 505135 590720 593589 742074 768356 789474 789475 789486 789491 789574 852945 890452 1013634 1033539 1070165 1084554 1125352 1126128 1128094 1130334 1185660 1273992 1279587 1279949 1331452 1331472 1459946 1483179 1498733 1526428 1771086 1781824 1784550 1804986 1820664 1825373 1935785 1939991 1941073 1948883 2119267 2120643 2162284 2166767 2202228 2205481 2217423 2222709 2294778 2342054 2374365 2489412 2496674 2496926 2496965 2497500 2638823 2640832 2715961 2760513 2839189 2952441 3009979 3009980 3009981 3163430 3178338 3178983 3195927 3211549 3283594 3283629 3283935 3323999 3373227 3374373 3389793 3415849 3513813 3551178 3552725 3552836 3587465 3607033 3613512 3638173 3682081 3682151 3682274 3786084 3791946 3881339 3881391 4008460 4013329 4060105 4142235 4198495 4246787 4253257 4283961 4311479 4422422 4437555 4446292 4472278 4486498 4529923 4530099 4530185 4530263 4530319 4530863 4604950 4689893 4690119 4713306 4729863 4742052 4787232 4823278 4836997 4856540 4888487 4888522 4946379 4989471 5032521 5047028 5092703 5109162 5120221 5136029 5208495 5238880 5300058 5302153 5302602 5312401 5420348 5468044 5535280 5535664 5600236 5701214 4290744
1921890: 84707 376633 401544 418706 512442 561727 749394 936814 1074943 1300778 1494416 1506476 1507009 1507092 1578246 1578262 1614925 1739065 1860297 1920395 1920497 1921889 1921913 1923046 1942274 1942331 1980950 2034283 2046776 2182438 2341901 2657821 2666678 2876786 2956174 3078693 3205899 3294388 3321039 3331185 3600572 3611613 3669298 3701531 3915687 4052274 4125074 4321839 4335424 4414088 4475591 4490320 4500338 4523064 4523073 4688130 4706428 4706541 4706586 5172627 5194476 5194478 5300058 5302153 5310685 5335223 5438563 5491093 5594724 4290744
2224307: 2224302 4290744
2344556: 32462 79583 84707 88822 118052 120785 120869 159954 208032 211118 227747 238828 262606 267659 277140 332542 336502 337098 339082 340009 344664 349045 415153 418562 418607 431954 434174 435446 440919 441932 477213 530121 535046 553217 553823 570236 590720 593589 616342 616349 616358 640034 669752 685695 707280 709513 736968 736972 736988 736990 737008 737011 737023 737036 737047 744428 744581 749094 759581 787954 792600 808721 830414 830725 837589 838500 848490 872220 879146 880698 881763 888293 894220 897029 908008 910982 921588 942041 965679 967659 1025198 1054785 1062615 1065733 1080781 1080782 1087963 1088039 1095198 1095221 1095230 1099685 1117148 1117167 1121090 1125636 1125774 1125835 1130514 1131073 1133255 1133278 1162652 1177785 1210449 1210450 1241375 1242719 1242723 1272094 1318829 1319777 1335520 1340326 1342282 1345952 1348387 1459848 1484820 1501785 1502053 1508887 1513601 1527051 1579924 1590713 1602102 1603276 1637451 1707364 1718768 1749306 1759553 1770603 1815384 1820577 1838663 1852501 1893919 1910664 1921890 1931969 1935785 1939238 1946061 1974707 2005833 2005836 2016813 2034578 2034767 2035335 2045920 2056657 2063222 2105231 2113143 2113151 2159971 2162229 2162270 2163790 2182202 2182206 2182216 2188930 2201114 2209602 2235275 2244502 2274519 2282923 2287569 2294681 2296531 2329309 2342054 2344556 2344566 2344584 2344591 2344609 2344618 2344624 2344637 2344645 2344646 2344653 2344655 2344673 2344680 2344701 2344708 2344710 2344713 2354640 2359597 2367901 2373313 2384487 2390424 2402956 2402972 2403060 2404502 2404553 2404638 2411384 2416791 2428149 2503029 2519670 2526811 2526952 2540612 2577286 2596671 2639102 2686695 2716046 2724356 2754613 2783059 2803714 2846965 2847219 2849598 2850973 2858193 2864378 2869310 2869772 2874649 2876077 2882051 2907699 2928276 2928514 2929203 2929429 2929457 2939722 2949930 2974115 2975864 2975865 2975866 2975868 2975874 2975876 2995373 2995379 2995380 2995387 2995392 2995394 2995396 2995398 2995405 2995415 2995417 2995420 2995424 2995431 2995437 2995439 2995440 2995445 2995450 2995467 2995469 2995470 2995476 2995477 2995478 2995482 2995483 3008781 3010715 3011460 3014304 3030136 3047593 3090575 3098344 3157601 3162840 3167506 3167512 3175770 3182170 3253172 3254493 3260305 3261420 3283660 3289294 3320990 3350068 3353934 3358494 3360571 3365502 3385651 3385655 3389351 3389645 3390894 3400569 3401067 3425051 3425081 3433361 3437334 3447699 3450547 3453689 3462603 3462797 3463113 3463139 3479218 3513580 3535509 3563041 3567285 3571655 3591794 3597156 3598075 3600023 3600969 3601363 3603035 3615230 3615236 3615245 3617245 3662151 3663394 3664124 3664494 3665842 3665843 3671450 3673959 3675250 3680333 3690403 3712921 3719782 3721693 3726311 3730741 3749406 3769317 3769525 3769883 3770422 3799733 3819180 3819383 3819445 3832732 3833173 3850204 3885352 3885355 3885359 3897335 3899776 3908539 3937823 3988375 3990667 3990691 4002307 4015913 4016171 4021634 4026095 4029107 4032845 4041287 4045175 4046884 4051072 4066224 4076928 4092146 4094085 4141787 4196235 4203348 4218108 4228644 4232015 4251973 4290798 4302220 4348775 4420667 4423007 4423082 4446232 4472803 4482773 4485616 4501567 4504624 4510732 4523408 4537246 4582210 4582223 4582225 4582234 4601814 4647451 4647464 4647474 4657010 4682964 4683698 4689883 4692399 4712207 4712255 4712266 4719882 4724605 4730558 4749754 4753962 4774160 4831744 4856867 4923105 4942445 4952974 4954785 4980057 5101330 5109647 5124425 5160112 5168144 5177931 5219334 5219351 5232044 5232259 5232361 5232436 5232457 5233025 5233031 5237202 5237203 5237204 5237206 5237207 5237208 5237209 5237210 5237211 5237212 5237213 5237220 5237340 5273535 5296921 5300650 5302153 5303174 5303175 5303176 5303177 5303178 5303179 5303180 5303181 5303182 5303183 5303184 5303185 5303186 5303187 5303315 5304800 5306007 5306799 5307712 5307964 5308301 5308303 5308413 5308545 5314991 5333239 5353562 5375355 5404118 5457275 5461033 5473488 5477107 5477568 5477621 5478114 5479331 5492723 5508138 5511716 5511775 5566309 5576341 5587412 5596267 5597777 5605478 5633993 4290744
2344609: 41461 73861 79583 84707 88822 208032 211118 229897 238621 293023 344664 434174 434355 465806 472808 487138 492115 570236 616349 616464 640034 685695 707280 709513 736972 737008 737047 744428 744581 744591 759581 771814 830414 838460 838500 872220 879146 888293 897679 908008 921588 942041 964099 967659 985029 1062615 1078771 1087963 1095198 1117148 1133278 1135715 1143518 1201051 1234487 1241375 1275666 1319777 1466003 1501785 1502235 1513601 1513604 1569176 1579924 1717039 1820577 1838663 1893919 1910664 1921845 1921890 2005836 2022648 2034578 2048715 2224301 2231863 2235275 2257917 2344556 2344591 2344618 2344619 2344620 2344624 2344628 2344653 2344655 2344708 2356515 2384487 2410662 2421181 2482903 2496936 2497500 2501728 2508046 2519670 2526952 2638860 2730388 2783059 2803714 2836887 2874649 2876678 2877126 2907699 2928514 2929429 2949930 2974115 2975868 3008781 3010715 3013236 3013310 3030136 3058871 3068941 3162840 3167506 3240494 3283930 3286001 3295324 3315125 3320990 3333319 3365502 3385651 3398277 3398741 3398816 3433361 3446168 3450547 3462797 3463139 3483757 3535509 3552725 3556554 3562927 3615236 3664124 3665842 3749406 3770136 3782304 3799733 3819072 3833173 3852564 3885355 3889061 3906702 3990667 4002307 4015997 4026095 4029261 4031749 4032845 4048467 4141642 4203348 4228644 4258345 4267136 4530271 4582210 4582223 4623341 4633113 4647451 4647474 4689883 4692399 4710492 4749754 4823675 4855261 4935409 4952974 4980057 4981458 5115901 5131692 5162231 5177931 5219334 5219351 5228735 5237340 5275368 5275369 5278876 5295862 5296921 5302153 5303198 5314991 5333239 5334437 5353562 5477107 5478114 5482654 5507558 5521341 5524334 5535280 5566535 5587412 5633993 5638949 4290744
4090044: 142258 181863 188755 196236 198146 222435 222468 323110 337016 478592 505135 507004 541950 545520 649441 691036 695545 725547 745012 771687 774931 793172 880011 896161 1008040 1080528 1087371 1108416 1124850 1141543 1143388 1146509 1151356 1151935 1187803 1287743 1287970 1319451 1319617 1333715 1351346 1394498 1465999 1521620 1534799 1534824 1534970 1534982 1535231 1535245 1567209 1601261 1601519 1603276 1607702 1642793 1690515 1721157 1787424 1804986 1835057 1835440 1840972 1845952 1874444 1947988 1948883 1951053 2015542 2023089 2023092 2027873 2050432 2060612 2083409 2158095 2165952 2207971 2217423 2217890 2218034 2226666 2261170 2370005 2370007 2370010 2370447 2395376 2418085 2443195 2719944 2748457 2756259 2816450 2863774 2895417 3045394 3064070 3065217 3074275 3153098 3168791 3266921 3299545 3308245 3335081 3357948 3387832 3484016 3536396 3564562 3667239 3671032 3751689 3825531 3850181 3854991 3944387 4023804 4044530 4051844 4051968 4063528 4063567 4089254 4089610 4090211 4185548 4217444 4334006 4368561 4397018 4482375 4482722 4482773 4483115 4486680 4490320 4494100 4504624 4509337 4509340 4509341 4509471 4509476 4654134 4681238 4698528 4701141 4721618 4724061 4732657 4747165 4768811 4770536 4770642 4771056 4922943 4951074 5207118 5237358 5252582 5300058 5302153 5312512 5312528 5386039 5407267 5416793 5459095 5497247 4290744
4482375: 196227 196235 196236 262606 323110 357327 497888 505135 566857 599374 725547 725549 740976 758748 825162 833108 836044 842497 874845 883965 905577 1008040 1008043 1053760 1090119 1090593 1124850 1133589 1143388 1151356 1151935 1152989 1219000 1244600 1319451 1435151 1437153 1489782 1505774 1529875 1534539 1535482 1567209 1650573 1735112 1835057 1835440 1858331 1891075 2020634 2023089 2028504 2041772 2077269 2083298 2083409 2149680 2167160 2197827 2213704 2217423 2234634 2235284 2237777 2237783 2257717 2370005 2370007 2370447 2378695 2389537 2426471 2642356 2724948 2740481 2748457 2802468 2816450 2836877 2876077 2936514 3011435 3017404 3036119 3037973 3043447 3120687 3163767 3163787 3168791 3260106 3328020 3357027 3357948 3452380 3493345 3607033 3642468 3642514 3662151 3662285 3692316 3717655 3719421 3746291 3791122 3825531 3854991 3854993 3950893 4040628 4044992 4051844 4051968 4063528 4090044 4090057 4482417 4482614 4482712 4482732 4482852 4483314 4483401 4483439 4509337 4509426 4509471 4520143 4523682 4526694 4662793 4714115 4721618 4757472 4768653 4768857 4770537 4812430 4912734 4926337 4926407 4926530 4951074 4997100 5129971 5300058 5302153 5312512 5312528 5358000 5388990 5405961 5407267 5416793 5535609 4290744
5302153: 3302 5074 5138 5412 5749 9332 52772 69186 71566 72989 75323 76573 77835 77935 79583 81615 84707 88822 92308 163388 177920 189406 189785 190714 190793 192464 192860 211043 218239 223376 228383 228450 228846 229802 229896 229952 229965 231052 237754 238970 249374 258484 262606 267659 267814 267833 268003 268791 270825 282952 285251 286366 295955 297278 304963 307589 312759 312760 331133 335660 335786 336502 336892 337016 337055 338008 339012 339021 339082 340135 340242 340294 340432 340591 340592 340597 340881 340918 341054 341620 341817 353679 357390 360933 372477 377311 377379 377856 377882 378616 380947 391497 397567 400447 413696 415064 415303 416135 416554 418279 418381 418531 418542 418552 418658 430867 431423 432254 434174 436376 440919 441932 445318 446792 461368 461409 461421 461484 463711 472457 472827 477314 478879 484511 486758 489491 490388 492056 492259 493646 499026 499048 499053 499059 499080 499144 499221 499231 499236 499246 499266 499275 499294 499304 499315 499860 505135 506267 508777 510739 515967 520738 524216 542273 550202 550294 556225 563378 568977 569135 570878 572544 573398 574954 590720 593589 602134 602285 617392 628511 630330 631194 648580 650417 650619 667230 668875 669759 677981 692063 692243 712663 723135 726820 739086 754490 757346 763379 774931 792318 793172 795101 795846 797286 798298 816994 822984 826447 830179 832937 835242 840155 870879 876845 876878 880698 881552 890741 896161 896901 896902 897599 897690 911016 911423 911740 911852 911903 921275 921344 932723 937161 938917 956602 967716 968425 972978 983053 998063 1000493 1025198 1028286 1035439 1037067 1042968 1045910 1054968 1057800 1065073 1073423 1077748 1082824 1083285 1090573 1100125 1101664 1109825 1110302 1113153 1120605 1121242 1125352 1125409 1129633 1130024 1130514 1130801 1132878 1137682 1138757 1138881 1142568 1143036 1144910 1146509 1151557 1157201 1158255 1161473 1162652 1164277 1165095 1165574 1169281 1169315 1169828 1170171 1171498 1171691 1177785 1192555 1197579 1198816 1198895 1199235 1206496 1216359 1219904 1231190 1231220 1231486 1233537 1233881 1235325 1235423 1235721 1238740 1239252 1248167 1250479 1255795 1273793 1280521 1319777 1323707 1331460 1331465 1331524 1331661 1331674 1331681 1331717 1332034 1332827 1336830 1340326 1345952 1346906 1346923 1347702 1348387 1351346 1356081 1356222 1368020 1373406 1378324 1386743 1396822 1402437 1423932 1424043 1427171 1439511 1462819 1471436 1480271 1480744 1493484 1501413 1507602 1508936 1513413 1521267 1521793 1521801 1521804 1521805 1521806 1521811 1521812 1521815 1521818 1521819 1521822 1521824 1521825 1521831 1521834 1521837 1521840 1521842 1521843 1521844 1521845 1521849 1521850 1521851 1521852 1521856 1521860 1521864 1521870 1521872 1521874 1521875 1521879 1521882 1521886 1521887 1521895 1521897 1521898 1521904 1521911 1521912 1521913 1521916 1521919 1521921 1521923 1521925 1521927 1521930 1521932 1521933 1521935 1521936 1521942 1521943 1521948 1521949 1521951 1521952 1521958 1521960 1521965 1521966 1521970 1521975 1521982 1521983 1521985 1521988 1521993 1521995 1522001 1522004 1522006 1522011 1522012 1522013 1522014 1522015 1522021 1522022 1522026 1522029 1522031 1522034 1522035 1522039 1522042 1522048 1522049 1522050 1522051 1522059 1522064 1522067 1522071 1522072 1522073 1522075 1522079 1522080 1522088 1522097 1522098 1522099 1522106 1522107 1522110 1522117 1522121 1522128 1522129 1522130 1522131 1522139 1522142 1522144 1522145 1522150 1522152 1522153 1522154 1522160 1522164 1522166 1522168 1522173 1522176 1522178 1522180 1522181 1522187 1522188 1522193 1522200 1522202 1522217 1522218 1522500 1522505 1522510 1522511 1522513 1522535 1522536 1522547 1522549 1522553 1522554 1522556 1522562 1522574 1522575 1522576 1523218 1527564 1535245 1535447 1535935 1538048 1540692 1546825 1556061 1560934 1561092 1578524 1582115 1583262 1588502 1597784 1600125 1600228 1602102 1603276 1603294 1605534 1608834 1609262 1609360 1611740 1625080 1634887 1637465 1641315 1645828 1648938 1650573 1652889 1653292 1656886 1665414 1672090 1676754 1697487 1708432 1709000 1715261 1715434 1715455 1715478 1715512 1715521 1716147 1717402 1718488 1718768 1718798 1718840 1718892 1719004 1719019 1719254 1719308 1724865 1737468 1739251 1740601 1741655 1745984 1750804 1751927 1753671 1753790 1753823 1760888 1769118 1770603 1778544 1778798 1787535 1801265 1804986 1805252 1814335 1816185 1817134 1820664 1835531 1836568 1838867 1840077 1840792 1840972 1844548 1861022 1861651 1869565 1869566 1915530 1917423 1922943 1925871 1929224 1935785 1936243 1939238 1939272 1940071 1943012 1946474 1947988 1948883 1965943 1981263 2001119 2006137 2008890 2015542 2034404 2034578 2034767 2035335 2035353 2036049 2036734 2037119 2038185 2040703 2045789 2048789 2050189 2056506 2056596 2056671 2062911 2063222 2065596 2067245 2072187 2072359 2073810 2073853 2073900 2081061 2109264 2115575 2123548 2139700 2142221 2152058 2159971 2160474 2167249 2167273 2167435 2190548 2190693 2191293 2202756 2211873 2217423 2218072 2227366 2228454 2231923 2232083 2235008 2237554 2238796 2240165 2240176 2240256 2240268 2240295 2240324 2241299 2252075 2252470 2254559 2257202 2257717 2260253 2270341 2274094 2276577 2276834 2278551 2278916 2288204 2288229 2293841 2295100 2296518 2296522 2298361 2301188 2329363 2333329 2342054 2342482 2344556 2354384 2354640 2359597 2360354 2360568 2360576 2363900 2365388 2366494 2366959 2366991 2366994 2367885 2367889 2368730 2368898 2369191 2370447 2371267 2372438 2373117 2373313 2375018 2376213 2378684 2390424 2390691 2398531 2400641 2401004 2404397 2404893 2407635 2407851 2411384 2414603 2414635 2415295 2416791 2420283 2420851 2423868 2426916 2428935 2430726 2431653 2431734 2437900 2459679 2463205 2473190 2473426 2476135 2488758 2496695 2496723 2496874 2496888 2496894 2496900 2496917 2496956 2497500 2497586 2507231 2509303 2527179 2528720 2538632 2542026 2562555 2564911 2568177 2569978 2570077 2571572 2580432 2589786 2591137 2597193 2603534 2614497 2628585 2631677 2638811 2638823 2638846 2638875 2639057 2639102 2639112 2639122 2640560 2640573 2640592 2640602 2640611 2640630 2640639 2640650 2640698 2640775 2640795 2640803 2640826 2640848 2640854 2640867 2640883 2640891 2640902 2640918 2644765 2686695 2708913 2724356 2748457 2748855 2753922 2753941 2754364 2768574 2784717 2812757 2836844 2839597 2863864 2864189 2864225 2864248 2864281 2864314 2864325 2864359 2864369 2864378 2876077 2876138 2876226 2877367 2884071 2893362 2901819 2902068 2903987 2909073 2921502 2928207 2934458 2934976 2936641 2936982 2938705 2940890 2963342 2984148 2987213 2997542 2997587 2997700 3001107 3001417 3001892 3007020 3010205 3012593 3013322 3013323 3013345 3013348 3013354 3013358 3013380 3013436 3013439 3013462 3013485 3013512 3013531 3013534 3013704 3015021 3022098 3026250 3034548 3034805 3035042 3035412 3038184 3048183 3049054 3065249 3088035 3094172 3098344 3098419 3098422 3098784 3124239 3128152 3160166 3163430 3175770 3177155 3178782 3179070 3183034 3185179 3188455 3195992 3197412 3197584 3198183 3206454 3206785 3211227 3211233 3211265 3211330 3211423 3211457 3211466 3211495 3211510 3211523 3225268 3226322 3235007 3241436 3242339 3243679 3246301 3248121 3254493 3260305 3260395 3261015 3266188 3266198 3278758 3283549 3283564 3283594 3283617 3283646 3283660 3283856 3283893 3283915 3283935 3283946 3283978 3283999 3285433 3290094 3298231 3298651 3300689 3311291 3319177 3334277 3334320 3334368 3335081 3335365 3342184 3350068 3356059 3356688 3360845 3374382 3374448 3374804 3374805 3374908 3374931 3374946 3374968 3374976 3374987 3374994 3374998 3375005 3375018 3375019 3375026 3375041 3375047 3375048 3375132 3375133 3375170 3375221 3375240 3375250 3375269 3389645 3391287 3391363 3391392 3400569 3400783 3401013 3401067 3401473 3407693 3412096 3413457 3414140 3414162 3414232 3420472 3421436 3424752 3427497 3433361 3435244 3438305 3439869 3447019 3456572 3460064 3480420 3480435 3480506 3481546 3493253 3493731 3498305 3512892 3513220 3535136 3536920 3548559 3553281 3558266 3559968 3560488 3561425 3562156 3562505 3563041 3563102 3564528 3564632 3565557 3567285 3569534 3571655 3587465 3587503 3591794 3594438 3595920 3596237 3596812 3597156 3598075 3600023 3600472 3603035 3603437 3606526 3607033 3607059 3607255 3612968 3618031 3637116 3647327 3647986 3652053 3655102 3662151 3662317 3663394 3664494 3666084 3670210 3671450 3672241 3674341 3674975 3675342 3682064 3682076 3682086 3682095 3682151 3682212 3682232 3682248 3682256 3682283 3682288 3687467 3707188 3707203 3710751 3710870 3712606 3712659 3712664 3712678 3712736 3712809 3712827 3712870 3712886 3712891 3712921 3718883 3718904 3721693 3726311 3728946 3739554 3761866 3769317 3769525 3770450 3771935 3772162 3772187 3774254 3777876 3805333 3819069 3819074 3819212 3825960 3828398 3830024 3832732 3835664 3843196 3845377 3853826 3854991 3862465 3863528 3881445 3890008 3899776 3903981 3904693 3906700 3907143 3915320 3916208 3928792 3937218 3937392 3939552 3942619 3944329 3945625 3946736 3948071 3955909 3962700 3962834 3975553 3977470 3979286 3988651 3989380 3993153 3997849 3999819 3999840 4000573 4002234 4002307 4002427 4002652 4002750 4002905 4002938 4004087 4004102 4013339 4015785 4015913 4015997 4016026 4023070 4023357 4025752 4026857 4028151 4028161 4029107 4029172 4031743 4031766 4033745 4037169 4037499 4040154 4042073 4046884 4051852 4052617 4062552 4062639 4063528 4063535 4064776 4067997 4070052 4070376 4074158 4076049 4076928 4080730 4089610 4089838 4090147 4092146 4093780 4097554 4098355 4115773 4117042 4141787 4143082 4143512 4145219 4147028 4153034 4159829 4168832 4174249 4183852 4184929 4189014 4195278 4195279 4199481 4201367 4207503 4208596 4213577 4216614 4216975 4217242 4217428 4217444 4217756 4218108 4218288 4219631 4227146 4232015 4233900 4242745 4243514 4252946 4263422 4266468 4287974 4290798 4305212 4306671 4306831 4311479 4332458 4351989 4356697 4396431 4409261 4411087 4412196 4412599 4412944 4414264 4415246 4418770 4429401 4429431 4429481 4430995 4436593 4437560 4438279 4439508 4440793 4460282 4487104 4493129 4506666 4506910 4507430 4507734 4511953 4519278 4529120 4529137 4529140 4529911 4529915 4529998 4530091 4530110 4530134 4530182 4530185 4530263 4530271 4530280 4530288 4530357 4530365 4530382 4531628 4534169 4537246 4545365 4567146 4593526 4594564 4594744 4627899 4635175 4635323 4635325 4639497 4639669 4650163 4653602 4653658 4653907 4653945 4655027 4656099 4658781 4678769 4679705 4681238 4681460 4681890 4682964 4683698 4685159 4689672 4690894 4692453 4692864 4693447 4695577 4696900 4697531 4697558 4697616 4697658 4698516 4698528 4700786 4701188 4701685 4702885 4713752 4714726 4720054 4720204 4724832 4744588 4747567 4753565 4770041 4770981 4782821 4808041 4818899 4819806 4821144 4829515 4840096 4840788 4841596 4842103 4843112 4843282 4844882 4845285 4845818 4856271 4856540 4858554 4861926 4868252 4890932 4892357 4894596 4897616 4898503 4903593 4912734 4923398 4929058 4936394 4942445 4942840 4942960 4945359 4946627 4949119 4949178 4949230 4951101 4954575 4954785 4955063 4955693 4956934 4958677 4968403 4977760 5000731 5025110 5030283 5047063 5066085 5071185 5074503 5081717 5082489 5082740 5082800 5082829 5088179 5090523 5092957 5115901 5116733 5123966 5144187 5145306 5150683 5152865 5152892 5157592 5160366 5167220 5170980 5174635 5179128 5179492 5188516 5197474 5198661 5212415 5212467 5212922 5213644 5213751 5217887 5220615 5233351 5237340 5250477 5253029 5267606 5271409 5281968 5290978 5293740 5295767 5296084 5299092 5300058 5300727 5300786 5300787 5300820 5300950 5301056 5301164 5302168 5302257 5302304 5302445 5302526 5302814 5303101 5303138 5303142 5303187 5303198 5303244 5303315 5303457 5303600 5303627 5303630 5303640 5303651 5303689 5303841 5303939 5303947 5304800 5305819 5305889 5305942 5306145 5306232 5306332 5306768 5306799 5307597 5307712 5307806 5307873 5307945 5308035 5308062 5308110 5308141 5308156 5308224 5308226 5308387 5308553 5308572 5308577 5308586 5308609 5308668 5308829 5308844 5308912 5308924 5308949 5309223 5310845 5317276 5330008 5333239 5337076 5371022 5371597 5375355 5382563 5387923 5390315 5390496 5390759 5404118 5410569 5419169 5420348 5424000 5424208 5460735 5460756 5463249 5463532 5471065 5471183 5471627 5476164 5477568 5477621 5481364 5482800 5483450 5492047 5492085 5504214 5508138 5510475 5511716 5511897 5511929 5511953 5518582 5524028 5524377 5524383 5525077 5525144 5535018 5535282 5535602 5537881 5541956 5542259 5552790 5574370 5576341 5584038 5585441 5593914 5594582 5594778 5594814 5596017 5596136 5596263 5596267 5599053 5601000 5605478 5623953 5633993 5651779 5663381 5677071 4290744
5420348: 37580 47044 50267 54048 56264 58511 64806 75323 81615 84707 88822 91293 147129 166580 230165 230720 282515 312759 337055 339798 340597 402183 435446 473024 473337 473339 478879 508339 558038 565850 590720 593589 594102 595493 614846 614879 614892 764764 774931 795313 802806 840046 856338 856339 856344 878311 891698 894375 899120 903807 1036391 1108982 1118822 1158115 1159926 1159935 1186255 1215638 1220033 1233606 1238440 1244964 1513413 1548744 1568113 1607367 1653103 1653107 1682994 1683039 1715478 1736463 1736464 1756286 1759162 1768964 1781795 1783453 1851125 1863762 1865958 1880563 1902603 1970068 2052709 2145429 2245487 2255118 2300940 2326400 2342054 2376633 2376639 2376641 2376651 2376675 2384683 2398664 2414146 2437102 2469835 2496681 2496930 2640592 2671108 2691212 2717411 2740030 2768741 2785322 2835547 2839597 2840418 2866766 3038574 3046270 3067960 3211336 3211423 3300156 3314554 3314570 3410965 3514196 3520688 3551178 3562156 3587222 3587465 3610896 3636639 3661707 3712736 3724700 3739554 3796431 3824319 3850181 3917657 4001134 4005181 4043533 4062477 4064754 4255661 4256190 4299971 4299973 4323921 4324491 4335869 4344224 4344244 4344297 4344312 4344319 4353036 4516738 4528896 4529915 4530075 4530255 4531650 4532105 4573849 4625160 4658163 4658978 4682027 4713306 4713520 4717348 4717520 4752657 4788277 4798190 4805760 4840725 4925429 4927197 4927246 4942960 5158755 5158757 5252582 5285796 5324616 5338109 5378012 5391561 5418950 5420348 5420349 5420350 5420352 5420360 5420362 5420366 5420369 5420370 5420371 5420467 5420468 5420470 5420471 5420474 5420478 5420480 5420483 5420484 5482511 5535280 5549213 5585235 5585326 5612883 5619858 5622851 4290744
5600236: 34079 79583 84707 178470 244933 253903 286902 330472 336502 357327 370805 395629 402911 405587 405924 443794 487092 499321 549670 565606 588317 592452 609310 643248 666690 680025 720334 763379 772276 775313 780765 798571 809549 817427 822984 844855 875917 912578 929399 948184 948284 948370 978678 983811 1033539 1044044 1047624 1093349 1100424 1124850 1126205 1135271 1183074 1221719 1275507 1278109 1278907 1352048 1369534 1380126 1427404 1482975 1524428 1546825 1547530 1556126 1601519 1604464 1607490 1611507 1632151 1650573 1682474 1725295 1733274 1733276 1736622 1756294 1778607 1804986 1808575 1815845 1816253 1837466 1837519 1856100 1903276 1916874 1924315 1936134 1938410 1943110 1958250 1962421 1963379 1977267 1979977 2031059 2031065 2033357 2040616 2040629 2041831 2041863 2042026 2078746 2083409 2128349 2135998 2195503 2198007 2217423 2292974 2297764 2304655 2305707 2336670 2336671 2353459 2397615 2399519 2415295 2431653 2433737 2463905 2465183 2489694 2501392 2517564 2518324 2518726 2539806 2553323 2565599 2597628 2598923 2617602 2617885 2632241 2633868 2638823 2639395 2640161 2650733 2658515 2677534 2690873 2719172 2719851 2720423 2723232 2724083 2731051 2738492 2740045 2757119 2761030 2793383 2805384 2813688 2813694 2901271 2924294 2927021 3016710 3033114 3033121 3092599 3144739 3171141 3187185 3226242 3231776 3233155 3234553 3244209 3244215 3270428 3270454 3270544 3270551 3270725 3311626 3322525 3325258 3350034 3351293 3357948 3368596 3371163 3406703 3407612 3407734 3473579 3476106 3514196 3514457 3519122 3550046 3551196 3599422 3637828 3658372 3662151 3671730 3686502 3712933 3715838 3730434 3731676 3739360 3739554 3739833 3739895 3799015 3813652 3823325 3838697 3838699 3893906 3897183 3981813 3987408 4036695 4068168 4068189 4087297 4088147 4088149 4124519 4166619 4166875 4166942 4171784 4198457 4211936 4235192 4236135 4253642 4295058 4305310 4332575 4351989 4353393 4357708 4412443 4429180 4442490 4470940 4481992 4485975 4490652 4503154 4520078 4548076 4553699 4555856 4560105 4579452 4579536 4585434 4585438 4586585 4598622 4598814 4629393 4693429 4697420 4714492 4714519 4714799 4723033 4748795 4779355 4793307 4796826 4807317 4816899 4818562 4818575 4818585 4828784 4830594 4870933 4876352 4893851 4895941 4899230 4910914 4950155 5054619 5078464 5112242 5124690 5190144 5216817 5226482 5240994 5241013 5241014 5241017 5241027 5241052 5241063 5241074 5241098 5241109 5253195 5286127 5300058 5302153 5312512 5328331 5346687 5348259 5362277 5375972 5414996 5490505 5535280 5555910 5571747 5616309 5630224 5633084 5672747 4290744
5658888: 6274 46477 75142 84707 117065 137722 162190 188544 204185 216010 234058 290837 310045 342395 434344 440919 443480 445006 489477 489491 503129 564477 568906 576278 631565 660597 663380 663401 755255 785564 823741 824053 851414 880698 888947 937344 964102 964485 1013068 1025198 1202823 1229097 1259854 1331452 1342241 1353963 1354000 1360742 1398059 1401334 1407775 1448677 1535435 1555463 1601940 1642596 1650573 1690722 1715702 1716182 1755695 1793178 1837303 1886649 1913717 2132418 2152754 2253733 2253734 2270933 2278873 2311137 2319653 2377977 2390631 2392394 2395736 2401456 2638811 2728705 2760129 2826873 2876786 2933938 3053530 3065749 3078693 3099054 3174796 3211423 3228729 3260305 3295475 3329612 3333286 3337027 3337035 3355331 3374863 3415259 3436251 3469481 3480664 3545203 3596237 3598075 3603437 3686884 3690684 3726311 3746425 3762541 3808030 3812787 3894349 3937218 3945625 3954891 3974179 3994302 3994988 4020234 4022850 4026438 4026553 4026563 4026569 4027092 4027149 4027295 4027446 4030732 4059941 4060039 4060105 4076727 4091396 4092146 4153117 4196633 4202387 4214193 4277161 4290177 4349252 4438263 4438279 4452113 4452122 4479071 4494897 4504624 4511685 4511686 4522045 4538435 4596631 4601979 4645864 4705004 4819681 4819806 4901658 5166620 5220606 5224736 5231914 5233352 5237340 5274730 5301831 5303198 5306102 5306300 5306355 5306357 5308545 5323956 5358229 5394919 5395225 5423098 5438187 5477621 5478331 5492121 5508739 5518838 5525144 5564884 5591292 5658891 5659165 4290744
